X1	X2	X3	X4
2.350986235	2.700082919	2.696777602	3.250928557
4.181166042	3.286696123	3.895924574	3.096955399
2.241546703	3.551365186	3.876545403	4.50243397
1.890386961	2.486071257	3.276475632	4.194209113
2.15444876	2.717929608	2.15824537	2.183275665
2.427335134	1.663838049	3.358682138	2.16670599
2.441319236	3.065416652	1.865233362	1.678601901
3.178380226	3.490997591	2.547439212	2.802094993
2.803138554	2.291350256	1.874445052	2.730055569
3.586442622	3.946073157	3.164353901	2.211285404
2.14811303	2.629011489	1.29396506	1.450113675
3.80032071	3.937025255	5.551960189	4.384504628
1.490595275	2.19083407	2.831108469	2.764684092
3.875874148	3.274596129	2.329635857	3.133549558
2.757210464	2.021665788	2.67172337	2.317854167
3.166813439	2.688497472	2.766824361	1.141814773
1.034581291	0.547069483	0.729860422	2.214650263
1.729928607	1.748938064	3.270251774	3.071355225
4.175171265	4.445132326	3.14072824	2.392296366
5.029160185	4.672998455	4.963358226	4.194241102
2.724842759	2.968677056	3.157574889	3.122500505
3.603658446	3.956809786	3.866314421	3.754096804
4.781251893	3.944267171	4.295823261	1.38109876
4.773658326	4.223534105	5.993465105	4.599114346
1.134877425	1.678707732	1.923084196	2.262836795
1.948892941	2.944885244	2.356471231	2.787192537
2.582617952	2.762318364	3.614154047	4.254814789
4.402162286	2.850816839	3.750160863	2.313271944
1.632253009	2.330050766	2.151516437	2.201698671
2.707465001	2.139923859	3.232833221	3.604963252
4.270848434	4.657602713	1.13293346	3.047968962
3.066009341	2.862467341	3.250332271	3.124598439
3.451290214	4.248838177	2.855469848	3.720440699
2.677790282	3.161685019	3.958532145	4.408250763
3.788409216	3.72618694	3.030566913	3.808657686
3.928736047	3.175700532	5.091233342	3.427007898
2.509209624	2.131563794	3.100840046	3.611475165
4.797200584	3.208217072	3.714470916	4.123904183
3.590696551	2.057256207	4.51820728	3.958408899
2.364214262	1.495809857	3.069972623	4.140586008
3.603346613	2.907803033	3.151716512	1.655679187
2.464752032	2.707239546	2.61545423	4.33809382
2.844919615	3.006534902	3.302437719	3.618679596
3.612122371	2.995754326	4.634255334	3.135793267
1.955656505	1.556864384	2.413577981	2.333474656
2.654368092	3.452649223	3.198974634	3.485922083
1.82859518	2.156641369	2.550214213	2.217548991
2.31441322	2.211376188	3.293615316	3.975314785
3.926216394	3.475905669	3.713807421	3.126593776
1.518324788	2.083521196	2.463118571	3.062010028
2.441942191	1.554799273	2.298819745	4.081225947
2.971546888	3.106171656	3.232023925	1.993608026
1.523707648	2.148703998	2.462530568	1.914096706
3.258899957	4.042522678	3.22011739	4.238553253
0.981309048	1.01351066	3.019279585	3.126877744
3.199740262	3.15223144	3.947438059	5.963131494
3.425864319	3.80485889	3.261280751	3.328404382
1.729956549	2.961492476	1.754198547	2.555938496
2.514781164	1.765839911	3.42241308	2.232322052
3.594307617	2.427076532	3.479789513	2.600987942
2.723535093	2.495480389	2.72383419	1.521080329
1.142417114	1.477880746	2.014899171	1.567149105
3.040730812	3.295911792	2.679818459	4.024537462
3.282970177	3.347109466	2.845842812	1.88581941
3.063561219	2.700869949	3.470009423	2.722917771
3.433430065	3.805622066	2.979262496	4.41248848
3.422860364	3.422750181	4.316282331	4.043105321
4.299528297	3.8158605	4.281979212	4.050744401
1.950206766	2.223445571	1.86968094	1.245751566
1.213588278	2.333245203	1.85319579	2.32486864
3.816043081	3.952312421	3.047165289	3.174740473
2.671791457	2.499218174	3.159778062	4.434331999
1.785434386	0.954366593	4.438734421	2.999399673
4.111832873	3.729329699	5.051232266	3.332753567
2.492503045	2.701061081	3.150560039	2.263739073
3.898730486	3.458469084	3.362225715	4.357062368
3.37721566	3.580480477	2.610270279	2.75340956
4.452391646	3.489046151	4.884701557	1.814292986
3.446945073	3.142110975	3.394109777	3.191870291
3.645824788	3.836019845	3.732598841	2.231366246
2.376322591	1.514953391	3.049951862	3.728903231
2.404763568	2.80395039	2.849382168	2.357502283
4.611323687	4.356323305	3.833547604	2.454234819
2.651001955	3.618728209	2.764105035	2.978468654
3.164167485	2.779432635	3.257174208	3.706131158
1.363422915	0.659379116	2.340626489	2.458420986
3.581365555	3.909716533	2.690165731	3.827164017
2.871094003	3.549492512	1.225251144	2.317240945
3.432858634	3.800288987	2.690276275	2.93219368
2.75489096	3.781729144	1.838777299	4.168673342
1.914569611	1.306659662	3.152025899	3.721617678
4.68080152	3.713434884	3.390929383	1.780437059
3.176411941	3.427640289	4.262862194	3.803466016
0.928560373	2.076154459	2.190451037	2.547469829
3.211089335	4.591310812	3.299073703	3.620773508
2.417152177	2.60247327	2.804105533	2.126568752
3.018168843	3.181976651	2.054284622	1.807515618
4.494777993	4.647070288	3.479616486	2.047593003
2.575203267	2.504008444	2.43760202	2.61671438
4.686243155	4.333398602	2.773630666	1.342789317
